# ee_link
[[0.3814431990317999, 0.30363254431670617, 0.8883621538718539, 0.023832905348861733, 0.5012148033746809, 0.497221056323394, 0.70780430533401],
 [0.6350482259039529, 0.665487419366601, 0.4562807236766506, 0.7069945388252697, -0.524828364723127, 0.44067474477260765, 0.17469882361621558],
 [0.9299576350301851, 0.6072096095516039, 0.3914018245882215, 0.9525070208616336, -0.16759329136170673, -0.25213436954645296, -0.03272802458533223],
 [0.3147154301029015, 0.11744194934152352, 0.396949104556234, 0.39451549625901466, 0.6041938658793126, 0.12033466343242233, 0.6817821238650367],
 [0.49086259170608615, 0.5615202684492114, 0.6172607089601346, 0.6225059131178553, 0.3640020395999984, 0.23447198960293267, 0.6519292825084548]]

# marker
[[-0.9269399488503804, -1.318263078454983, -0.5146165111539661, 0.28395540153254867, 0.7463972887661222, 0.5722432274100756, -0.18654250439610667],
 [-0.38731783067364245, 0.08332650807755207, -0.2996147061393474, 0.24819562732914352, -0.5499072897007253, 0.7923469239773888, 0.09048345358277113],
 [0.3853477890321785, -0.3614473404845878, -0.5406443133689844, 0.7546373778281512, -0.6305839563780623, 0.12437237856198849, 0.13197656380613826],
 [-0.33970634766506225, -0.30445009091357345, -0.1501158318213296, 0.7330274578472482, 0.5527536292495387, 0.34530481144672703, -0.19467603495346988],
 [-0.9218047481474311, -0.26154224341464094, -0.2885347732580721, 0.7664628444943108, 0.2845076230320802, 0.5607904898124154, -0.13078282372803016]]

# X
	  [[ 0.42957025, -0.52408778,  0.735392  ,  0.47595646],
       [ 0.86925392,  0.46063177, -0.17948815,  0.27409508],
       [-0.24467737,  0.71634515,  0.65343906,  0.92523541],
       [ 0.        ,  0.        ,  0.        ,  1.        ]]